# mesh name: pdd1D
# primitive scorer name: pddDose
# iX, iY, iZ, total(value) [Gy], total(val^2), entry
0,0,0,0.001589935942697409,1.436793354535357e-11,231179
0,0,1,0.001626134083144371,1.499760547500671e-11,232210
0,0,2,0.00164976499782813,1.556785510444523e-11,234059
0,0,3,0.001666832534971202,1.588505021700645e-11,235538
0,0,4,0.001681709995556803,1.620112803478883e-11,236897
0,0,5,0.001693631329969372,1.650821392322131e-11,238230
0,0,6,0.001698260088608365,1.653297643847143e-11,239318
0,0,7,0.001709849695751369,1.676086211326854e-11,240105
0,0,8,0.001718018107471572,1.699200092815099e-11,241010
0,0,9,0.00172276583255269,1.69996918594708e-11,241951
0,0,10,0.001732426109386433,1.731278700835377e-11,242244
0,0,11,0.00173143864967505,1.723235348835467e-11,242582
0,0,12,0.001740020909840574,1.752945480707718e-11,243085
0,0,13,0.00174743144035271,1.763762013353098e-11,243594
0,0,14,0.001751453922771698,1.776550225860165e-11,243863
0,0,15,0.001757483732164944,1.792138613681575e-11,244110
0,0,16,0.00176250169001833,1.80713955459445e-11,244371
0,0,17,0.001757213797274848,1.79815338263962e-11,243980
0,0,18,0.001756337474137962,1.802245024155642e-11,243306
0,0,19,0.00175737754263974,1.811733523176069e-11,243148
0,0,20,0.001756175634764892,1.817651219866522e-11,243087
0,0,21,0.001760533890877457,1.830333605105388e-11,242996
0,0,22,0.001758694850729728,1.838071763130277e-11,242361
0,0,23,0.001756278736548551,1.843369335364959e-11,241673
0,0,24,0.001753570895163041,1.84414274540354e-11,240731
0,0,25,0.001746428079148785,1.836984906046026e-11,239815
0,0,26,0.001746749426459087,1.85319959784829e-11,239055
0,0,27,0.001747197483968636,1.865595452188183e-11,238030
0,0,28,0.001732833705642675,1.844426486849058e-11,236947
0,0,29,0.001732327011186901,1.856473518152796e-11,235581
0,0,30,0.001721716893608382,1.850066856177843e-11,234174
0,0,31,0.001713926919130975,1.847268397709709e-11,232523
0,0,32,0.001705683900766412,1.84075886661268e-11,230855
0,0,33,0.001690842990979459,1.82569641047244e-11,229087
0,0,34,0.001673658240748513,1.809316855397444e-11,226508
0,0,35,0.001663004329064684,1.812293295176283e-11,224028
0,0,36,0.001642376594102763,1.783906245822041e-11,221663
0,0,37,0.001628975430646912,1.790770257372785e-11,218631
0,0,38,0.001603205680915083,1.760776541253387e-11,215294
0,0,39,0.001577738188205203,1.737771716601035e-11,210976
0,0,40,0.001550207656155875,1.721829685124765e-11,207696
0,0,41,0.00152139097034427,1.682710662971645e-11,203764
0,0,42,0.001493808298838495,1.650601362991271e-11,199586
0,0,43,0.00146575365369929,1.633921134351941e-11,195358
0,0,44,0.001437811576995378,1.611679762368353e-11,191223
0,0,45,0.001407909748270723,1.575218874418284e-11,187294
0,0,46,0.00137550637401224,1.559306455735113e-11,182328
0,0,47,0.001348602046053898,1.535322796711385e-11,177868
0,0,48,0.001313421076093727,1.493493216123061e-11,173057
0,0,49,0.001273029744298042,1.440587427239191e-11,167838
0,0,50,0.001237179995607091,1.413553987696032e-11,162504
0,0,51,0.001196866565732623,1.36498375105593e-11,157393
0,0,52,0.001167141420888931,1.343832645293785e-11,152468
0,0,53,0.001130427266569193,1.308265170237458e-11,147386
0,0,54,0.001095817528873585,1.277106788071662e-11,142488
0,0,55,0.001052263657092605,1.221069385201253e-11,137240
0,0,56,0.001025161279754607,1.210834221641376e-11,132207
0,0,57,0.0009856250392498286,1.1636425265709e-11,127280
0,0,58,0.0009515793388047926,1.127825869866575e-11,122413
0,0,59,0.0009204534688094943,1.098193290722511e-11,117915
0,0,60,0.0008847108158694508,1.056285751531423e-11,113185
0,0,61,0.0008542397757854788,1.030985355152534e-11,108527
0,0,62,0.0008245566246170489,1.006780962945872e-11,104396
0,0,63,0.0007904498858571106,9.679581720477388e-12,99703
0,0,64,0.0007558156033086619,9.251732122842504e-12,95235
0,0,65,0.0007240622654024353,8.944325497223705e-12,90833
0,0,66,0.0006888504842321774,8.551705560961694e-12,86197
0,0,67,0.0006611025448916029,8.275511754138586e-12,82023
0,0,68,0.0006298770708745141,7.953096835287202e-12,77933
0,0,69,0.0005980315133632031,7.506011704606212e-12,74178
0,0,70,0.0005719989137099172,7.249535541295441e-12,70485
0,0,71,0.0005502018671109525,7.096012844102618e-12,66891
0,0,72,0.0005233346541874261,6.792829529728035e-12,63414
0,0,73,0.0004936568054155628,6.438596914724095e-12,59777
0,0,74,0.0004684096964268163,6.171772364549833e-12,56377
0,0,75,0.0004401260236965421,5.769556901528614e-12,52856
0,0,76,0.0004191133516053864,5.597402574854158e-12,49991
0,0,77,0.0003962470051947688,5.265707523597159e-12,46958
0,0,78,0.0003712413262782883,4.988781460492829e-12,44034
0,0,79,0.0003488225260701077,4.719165294814613e-12,41187
0,0,80,0.0003248485373332425,4.383020138698416e-12,38333
0,0,81,0.000306940664830043,4.210499689240254e-12,35761
0,0,82,0.0002859652178547949,3.980373191311043e-12,33189
0,0,83,0.000266125812819269,3.679734427637175e-12,30887
0,0,84,0.0002500265929015962,3.495305109404653e-12,28848
0,0,85,0.0002332482628536975,3.283939966173358e-12,26816
0,0,86,0.0002170818222707365,3.062322591414562e-12,24855
0,0,87,0.0001992567560346067,2.803527217356891e-12,22776
0,0,88,0.0001870084531524004,2.707235518364124e-12,20981
0,0,89,0.0001716999126115711,2.462977827204733e-12,19318
0,0,90,0.0001578622772115041,2.273496545153717e-12,17776
0,0,91,0.0001430454352556507,2.040496723299038e-12,16217
0,0,92,0.0001316512560131106,1.904687720252127e-12,14654
0,0,93,0.0001197017246474437,1.740346737078861e-12,13376
0,0,94,0.000107275405747142,1.550566303168157e-12,12114
0,0,95,9.97241159661232e-05,1.477152316739295e-12,11036
0,0,96,9.049262766591183e-05,1.311977024399051e-12,10042
0,0,97,8.227542960565129e-05,1.233443060900019e-12,9051
0,0,98,7.450389237731831e-05,1.12704891175884e-12,8160
0,0,99,6.563726198282841e-05,9.817411145193442e-13,7276
0,0,100,5.973261138270502e-05,9.109534897945088e-13,6557
0,0,101,5.277133415684321e-05,7.954420425928334e-13,5817
0,0,102,4.744548944012058e-05,7.144568156420951e-13,5243
0,0,103,4.334234624324187e-05,6.578250554101463e-13,4788
0,0,104,3.88332358989325e-05,5.923425550125199e-13,4291
0,0,105,3.555562015171706e-05,5.596144929550497e-13,3860
0,0,106,3.116878625790789e-05,4.768475240775433e-13,3373
0,0,107,2.812896149865025e-05,4.404242812108614e-13,3078
0,0,108,2.460235534995473e-05,3.614982373810477e-13,2768
0,0,109,2.269991288467662e-05,3.573378225864852e-13,2480
0,0,110,1.913921734072974e-05,2.921395988521793e-13,2160
0,0,111,1.70859424375026e-05,2.597646358615093e-13,1926
0,0,112,1.493000446138539e-05,2.34662107403753e-13,1720
0,0,113,1.344632681053278e-05,2.088259845889972e-13,1520
0,0,114,1.171955660707403e-05,1.753622551517426e-13,1366
0,0,115,1.038365540277402e-05,1.565055612670244e-13,1230
0,0,116,9.568949104134554e-06,1.504056788940452e-13,1094
0,0,117,8.113373799828562e-06,1.230217641987224e-13,980
0,0,118,7.358401325632465e-06,1.169929858583602e-13,908
0,0,119,6.557185314256745e-06,9.754953044534383e-14,846
0,0,120,6.372697652059421e-06,9.926716144113019e-14,745
0,0,121,6.0853684913158e-06,9.722520041122074e-14,738
0,0,122,5.386291935591783e-06,8.384897243942227e-14,674
0,0,123,4.589648764580342e-06,6.698868898299759e-14,587
0,0,124,4.048006100790442e-06,6.427847888252438e-14,571
0,0,125,3.961430882891694e-06,6.170538121443466e-14,546
0,0,126,3.5572048650612e-06,5.581971808941344e-14,464
0,0,127,3.524953000973669e-06,5.596156607822124e-14,472
0,0,128,3.056514906225964e-06,3.995573063867386e-14,457
0,0,129,3.247741786528869e-06,4.612536622538392e-14,439
0,0,130,3.077170648866871e-06,4.68386515746928e-14,430
0,0,131,2.833638611303773e-06,3.89377476331712e-14,426
0,0,132,2.57713029044616e-06,3.693615442323504e-14,373
0,0,133,2.337262612407008e-06,2.968397998876208e-14,389
0,0,134,2.49817640792892e-06,3.341715511763515e-14,379
0,0,135,2.747525819587068e-06,4.083734288648611e-14,399
0,0,136,2.723348001495776e-06,4.107734958764413e-14,401
0,0,137,2.714730797059781e-06,4.525719161394389e-14,377
0,0,138,2.508434979159473e-06,3.658170317786315e-14,361
0,0,139,2.331485411825954e-06,2.94565485014291e-14,374
0,0,140,2.257373198644486e-06,3.016708129580743e-14,344
0,0,141,2.251775818284088e-06,3.360458129383471e-14,322
0,0,142,2.257976225063749e-06,3.14793696319908e-14,331
0,0,143,2.544429449902687e-06,4.021029210677865e-14,331
0,0,144,2.551251151874553e-06,3.560568446142332e-14,363
0,0,145,2.429054648570398e-06,3.832455312976247e-14,340
0,0,146,2.167563230957444e-06,2.783366867099005e-14,304
0,0,147,2.0624564830254e-06,2.731262345373017e-14,319
0,0,148,2.12655855128865e-06,2.925044306563188e-14,310
0,0,149,2.042880785842274e-06,2.405041270354322e-14,323
0,0,150,2.126198599068762e-06,2.489374081138882e-14,323
0,0,151,2.363517553309233e-06,3.527769511644277e-14,317
0,0,152,2.112809951879228e-06,2.85537748911691e-14,298
0,0,153,2.113534121889067e-06,2.613502342845597e-14,312
0,0,154,2.254881364241292e-06,2.737249606620081e-14,331
0,0,155,2.062912581419765e-06,2.796942045837432e-14,295
0,0,156,1.815314311337352e-06,2.365891228928096e-14,277
0,0,157,1.985903964636451e-06,2.647766497290549e-14,291
0,0,158,1.898066885931077e-06,2.673850478368637e-14,286
0,0,159,1.905672484064809e-06,2.76899060227667e-14,265
